(1, 1)
from: [223, 171] to: [273, 221]

Destination found.

The Path is 
[223, 171]
[224, 172]
[225, 173]
[226, 174]
[227, 175]
[228, 176]
[229, 177]
[230, 178]
[231, 179]
[232, 180]
[233, 181]
[234, 182]
[235, 183]
[236, 184]
[237, 185]
[238, 186]
[239, 187]
[240, 188]
[241, 189]
[242, 190]
[243, 191]
[244, 192]
[245, 193]
[246, 194]
[247, 195]
[248, 196]
[249, 197]
[250, 198]
[251, 199]
[252, 200]
[253, 201]
[254, 202]
[255, 203]
[256, 204]
[257, 205]
[258, 206]
[259, 207]
[260, 208]
[261, 209]
[262, 210]
[263, 211]
[264, 212]
[265, 213]
[266, 214]
[267, 215]
[268, 216]
[269, 217]
[270, 218]
[271, 219]
[272, 220]
[273, 221]
