(1, 1)
from: [279, 164] to: [329, 214]

Destination found.

The Path is 
[279, 164]
[280, 164]
[281, 165]
[282, 166]
[283, 167]
[284, 168]
[285, 169]
[286, 170]
[287, 171]
[288, 172]
[289, 173]
[290, 174]
[291, 175]
[292, 176]
[292, 177]
[292, 178]
[292, 179]
[292, 180]
[293, 181]
[294, 182]
[295, 183]
[296, 184]
[297, 184]
[298, 184]
[299, 184]
[300, 185]
[301, 186]
[302, 187]
[303, 188]
[304, 189]
[305, 190]
[306, 191]
[307, 192]
[308, 193]
[309, 194]
[310, 195]
[311, 196]
[312, 197]
[313, 198]
[314, 199]
[315, 200]
[316, 201]
[317, 202]
[318, 203]
[319, 204]
[320, 205]
[321, 206]
[322, 207]
[323, 208]
[324, 209]
[325, 210]
[326, 211]
[327, 212]
[328, 213]
[329, 214]
