(1, 1)
from: [224, 110] to: [274, 160]

Destination found.

The Path is 
[224, 110]
[225, 111]
[226, 112]
[227, 113]
[228, 114]
[229, 115]
[230, 116]
[231, 117]
[232, 118]
[233, 119]
[234, 120]
[235, 121]
[236, 122]
[237, 123]
[238, 124]
[239, 125]
[240, 126]
[241, 127]
[242, 128]
[243, 129]
[244, 130]
[245, 131]
[246, 132]
[247, 133]
[248, 134]
[249, 135]
[250, 136]
[251, 137]
[252, 138]
[253, 139]
[254, 140]
[255, 141]
[256, 142]
[257, 143]
[258, 144]
[259, 145]
[260, 146]
[261, 147]
[262, 148]
[263, 149]
[264, 150]
[265, 151]
[266, 152]
[267, 153]
[268, 154]
[269, 155]
[270, 156]
[271, 157]
[272, 158]
[273, 159]
[274, 160]
