(1, 1)
from: [291, 299] to: [341, 349]

Destination found.

The Path is 
[291, 299]
[292, 299]
[293, 298]
[294, 297]
[295, 296]
[296, 295]
[297, 294]
[298, 294]
[299, 293]
[300, 292]
[301, 291]
[302, 290]
[303, 289]
[304, 288]
[305, 288]
[306, 287]
[307, 286]
[308, 285]
[309, 284]
[310, 285]
[310, 286]
[311, 287]
[311, 288]
[311, 289]
[312, 290]
[313, 291]
[314, 292]
[314, 293]
[315, 294]
[316, 295]
[316, 296]
[317, 297]
[318, 298]
[318, 299]
[319, 300]
[320, 301]
[321, 302]
[322, 303]
[322, 304]
[323, 305]
[324, 306]
[324, 307]
[325, 308]
[325, 309]
[325, 310]
[326, 311]
[326, 312]
[326, 313]
[327, 314]
[327, 315]
[327, 316]
[328, 317]
[328, 318]
[328, 319]
[328, 320]
[328, 321]
[328, 322]
[328, 323]
[328, 324]
[328, 325]
[328, 326]
[328, 327]
[328, 328]
[328, 329]
[328, 330]
[328, 331]
[328, 332]
[328, 333]
[328, 334]
[329, 335]
[329, 336]
[330, 337]
[330, 338]
[331, 339]
[332, 340]
[333, 341]
[334, 342]
[335, 343]
[336, 344]
[337, 345]
[338, 346]
[339, 347]
[340, 348]
[341, 349]
