(1, 1)
from: [274, 224] to: [324, 274]

Destination found.

The Path is 
[274, 224]
[275, 225]
[276, 226]
[277, 227]
[278, 228]
[279, 229]
[280, 230]
[281, 231]
[282, 232]
[283, 233]
[284, 234]
[285, 235]
[286, 236]
[287, 237]
[288, 238]
[289, 239]
[290, 240]
[291, 241]
[292, 242]
[293, 243]
[294, 244]
[295, 245]
[296, 246]
[297, 247]
[298, 248]
[299, 249]
[300, 250]
[301, 251]
[302, 252]
[303, 253]
[304, 254]
[305, 255]
[306, 256]
[307, 257]
[308, 258]
[309, 259]
[310, 260]
[311, 261]
[312, 262]
[313, 263]
[314, 264]
[315, 265]
[316, 266]
[317, 267]
[318, 268]
[319, 269]
[320, 270]
[321, 271]
[322, 272]
[323, 273]
[324, 274]
